Cell ID,x,y,z
0,1.091645938,0.410920907,0.3
1,0.64966537,1.198900053,0.300412084
2,0.333217052,1.251211246,0.841271035
3,0.905129118,1.091962713,0.701759627
4,0.336121508,1.069645511,0.735260177
5,0.636896667,1.097993433,1.253032276
6,1.070247968,1.036141569,0.618662434
7,0.924675486,1.090234838,0.379046697
8,0.441314129,0.376925109,0.607285705
9,0.435138176,1.280457589,0.372710832
10,0.512706969,0.626158521,0.744775879
11,0.589283022,1.299499734,1.294052786
12,0.633313925,1.292558343,0.376699978
13,0.97470658,0.311329578,0.949944251
14,0.980831303,0.30149889,0.705454567
15,0.802215803,0.3,0.568156045
16,1.150878746,1.073540522,1.21163213
17,0.673106383,1.128086576,0.583579909
18,1.146278858,0.306114354,0.777252034
19,1.290893627,0.30688918,1.273164306
20,1.276791376,0.323790378,0.344443083
21,1.002887723,1.107752973,1.078173636
22,0.339263698,0.714619152,0.888177317
23,1.181683136,0.748418089,0.674588056
24,1.201067025,0.321127896,1.146926583
25,0.333459086,0.313513887,0.303848753
26,1.031843605,0.614273043,1.015344574
27,1.260589895,1.16990669,1.080017736
28,1.125956789,0.412964003,0.305189254
29,0.30384068,1.202665397,1.12510345
30,0.333388978,1.168551005,1.016692526
31,1.200781067,0.420580987,0.30095319
32,0.319393913,1.029977879,1.040622597
33,1.229587854,0.334645916,0.960947534
34,0.922834293,0.40387388,0.399394665
35,0.831992712,1.175788467,1.264609119
36,0.32162715,0.654326462,0.714660134
37,0.833543187,1.266983668,0.553480775
38,0.63664596,1.299309318,1.294157025
39,1.299632235,0.362277118,0.712295716
40,1.027506225,1.123015301,0.386631491
41,1.128077209,0.690727492,1.153497644
42,0.460032492,1.121058955,0.883333715
43,0.445718488,1.12791577,0.314126457
44,0.300571927,1.297105011,0.960267595
45,0.397660897,0.372761763,1.227499419
46,0.367059258,0.638349355,0.594177087
47,1.232582534,1.067009926,0.355885962
48,0.506860078,0.630703444,0.926746203
49,1.298991493,1.226311565,1.267058104
50,1.070693013,0.487642545,0.543958501
51,0.356619449,0.359386614,0.367802463
52,0.774693989,1.220028736,1.027495817
53,1.296051012,1.26167599,1.244019791
54,0.4043778,0.324199593,0.484107558
55,1.135892785,0.439573749,0.484320847
56,1.267656223,0.523417227,1.229827172
57,1.276348118,0.306143321,1.057123128
58,0.322003408,0.901177592,0.357551294
59,0.86349262,0.385048733,0.576663411
60,0.331933743,0.743459678,1.287261127
61,0.332287123,0.958896284,0.847065889
62,1.2999157,1.299272967,0.309619258
63,0.339549642,0.857727239,0.681774161
64,1.176076952,0.907311136,1.233556226
65,1.29895219,1.278648598,1.028127233
66,1.251864287,1.299630053,0.407500744
67,1.297102319,1.112253346,0.564723493
68,1.180018672,0.506477998,1.2593405
69,0.929695521,0.359963085,1.046430641
70,0.331924815,1.264946258,0.329113748
71,0.798429777,1.218609323,0.803430265
72,0.350237731,1.207627517,1.295611353
73,1.054530589,1.16456498,1.29296083
74,1.219554842,0.989119885,0.870803202
75,0.328558198,1.28498249,0.300712013
76,0.327556818,0.913347197,0.804772879
77,1.126221796,1.298444938,1.292398048
78,0.63664512,0.894029014,0.909574504
79,0.489965939,0.354462611,0.337032236
80,1.187806878,1.134638756,0.522267659
81,0.767175792,1.27675027,1.084481743
82,0.483040423,1.288182408,1.233306728
83,0.473563924,1.19682423,0.635906021
84,0.30010936,1.183062912,0.316819978
85,1.173047366,0.605792322,0.990477383
86,0.981802352,1.262556305,1.268984744
87,1.294717619,0.512917437,0.732868488
88,0.566648478,0.373659916,0.314300371
89,1.020783309,1.005467313,0.596113812
90,0.317557851,0.373117908,1.200747483
91,0.751330968,1.077830684,1.085826521
92,0.921494699,0.423661235,0.506154866
93,0.840551763,1.294928989,0.307494776
94,1.026236381,1.224287431,0.804167479
95,0.344546896,0.613395476,1.223470406
96,1.243235438,0.302801745,1.228740215
97,0.514754345,1.282321029,0.761799232
98,0.303111142,1.173323609,0.330555094
99,1.29503787,1.299293074,0.43520356
100,0.918472511,0.593147909,0.890067615
101,0.704641972,0.406724133,1.2830921
102,0.806222426,1.227349313,1.199153738
103,0.470212902,0.447429939,0.840994126
104,1.299261426,0.300062925,0.363156391
105,1.110308744,1.08786056,0.3067726
106,0.925193393,0.789682268,0.541878829
107,0.317104541,0.540479116,0.993704458
108,0.990090318,0.427462444,1.28239432
109,0.427853754,0.30849365,1.084638398
110,0.983525923,1.034525003,0.66496611
111,0.455794299,1.190637136,0.338345461
112,0.344668058,0.478774316,0.413944587
113,0.65204411,0.79833898,0.762235435
114,0.300225408,1.272220171,1.199728353
115,0.319340564,1.088972035,1.279651562
116,0.558753033,1.047546643,0.956311181
117,0.358888117,0.336887368,0.531552197
118,0.597292285,0.494168953,0.302483216
119,0.678937814,0.818875517,0.413229802
120,1.059542888,0.847420313,0.825056284
121,0.672975208,1.169765131,1.241665018
122,1.235662857,1.282536806,1.231528259
123,1.054274879,0.420425506,0.832765537
124,1.27054189,0.801531211,0.488421014
125,0.818176776,0.827996971,0.300016879
126,0.302122531,1.032110699,0.532716083
127,1.282900217,0.388173267,0.965923172
128,0.555730125,1.222101058,1.280070253
129,0.71486458,0.899321793,1.206949073
130,0.486776863,0.658807379,0.753604605
131,0.39817965,0.855998555,0.40432189
132,1.185307295,1.127265691,0.342284384
133,0.916869212,0.349439584,0.623504529
134,1.06465405,1.016382022,1.019408145
135,1.253282979,1.2112068,1.281351184
136,0.64084766,0.634029367,1.184150998
137,0.357639287,1.290497811,0.806485559
138,0.780798649,1.241130813,0.503182538
139,0.733043593,0.655790346,0.310244266
140,0.320460474,1.214964744,0.357980679
141,0.887263401,0.301892927,0.648637654
142,0.562282141,0.941275416,1.031815569
143,1.236431329,0.300483967,1.28495997
144,0.705076585,0.911243132,1.195548763
145,1.031842168,0.989571879,1.296657765
146,0.697111408,1.094887195,1.121401182
147,0.466475917,0.684624512,0.735799295
148,1.24952043,1.013383631,0.449734364
149,1.247394483,1.180358866,0.301067414
150,0.325490348,1.262496459,0.445126833
151,0.977711812,0.31719787,0.80154401
152,0.359895382,0.547878258,1.10947623
153,0.43195781,0.326570466,1.297853628
154,1.17424674,0.347216854,1.252547181
155,1.237490317,0.833228586,1.013908418
156,0.310917068,0.336134737,0.636112251
157,0.304665703,0.305563177,0.341709031
158,0.396266145,1.272892362,0.32637497
159,1.228622333,0.68669713,0.562505416
160,0.6322491,1.007649048,1.038753385
161,1.172143661,0.51859606,1.285931856
162,0.311476106,0.598961105,1.23722492
163,0.31977961,0.961922296,0.874829864
164,1.04505581,0.768428095,0.54173615
165,1.090555477,0.991938405,0.313553891
166,0.317062683,0.595957833,0.392891991
167,0.347109335,1.235499051,0.770261207
168,1.297612497,0.865265986,1.191318715
169,0.640433665,1.228776735,1.26572921
170,1.298718422,0.301824938,0.922238265
171,0.859227537,0.963984646,0.576111928
172,1.265224021,0.325485668,0.316601022
173,0.625276817,0.49304064,0.326762523
174,0.785319325,0.890550842,0.50955421
175,0.3001555,1.269783649,0.863313966
176,1.174370848,0.829897257,1.184757532
177,1.255977193,0.641766367,1.297159047
179,1.062746589,0.669627414,0.818734619
180,0.957909762,1.217882139,0.509504277
181,0.315971881,0.560802863,0.302545438
182,0.332903033,1.252243407,0.466943394
183,1.269234827,1.15148779,0.864109336
184,1.25120511,1.291563479,1.199947721
185,1.277295547,1.208711131,1.298197905
186,1.12156424,0.918452658,1.140712684
187,0.86090915,1.294269619,0.820231704
188,0.51676502,0.867710822,0.458670174
189,0.509989992,0.356954312,0.306225193
190,0.673725276,0.315620456,0.385397155
191,0.51456241,0.508735706,0.782683958
192,0.63553279,0.474212175,1.059172226
193,0.334995769,0.902082326,1.257658309
194,1.169411181,0.40778442,1.238368745
195,0.419417801,0.60739795,0.895387421
196,1.275352356,0.884425384,0.584968637
197,0.316209995,0.856006378,0.326813346
198,0.344756234,0.855157303,0.370712926
199,0.835189861,0.612376825,0.723925464
200,1.299956711,1.070778374,1.090896982
201,0.53651319,0.367778429,1.298885002
202,1.295066045,0.304185044,1.185200021
203,0.389127603,0.752548382,0.728275142
204,1.299041982,0.99213853,0.385147648
205,1.203869736,0.944509729,0.36025413
206,0.820587639,0.46331537,0.780026955
207,1.265412491,0.312277107,1.251817679
208,0.312216654,0.600665769,1.271114161
209,0.672773781,0.400603916,1.059928611
210,0.408998887,0.4646668,0.661983255
211,0.429675884,1.14811069,0.385002639
212,0.38668761,0.717295918,0.301456198
213,0.569341828,0.309934987,0.517741031
214,0.886088889,1.18253626,0.905092805
215,0.989180327,0.809039889,1.186595784
216,0.342062489,1.289781804,1.287030328
217,0.993829379,0.920902528,1.003955697
218,0.305923945,0.337390102,0.494557181
219,0.892682479,1.205312382,0.30104276
220,1.277229752,1.279717747,0.499133405
221,0.843377602,0.948373046,1.069658604
222,0.48807943,0.310061093,1.299530082
223,1.067225612,0.458518198,1.12448809
224,0.807455287,1.297360595,0.72114265
225,0.3,0.771662675,0.352409932
226,1.209432523,1.298568222,0.559380945
227,0.33555552,0.61691428,0.303984514
228,0.958390517,0.421272269,0.543071726
229,0.710192267,0.839678969,0.987976244
230,1.261451826,1.034361078,1.272097646
231,0.313131925,1.158986072,0.869302887
232,0.598072576,0.924577975,0.500634099
233,1.291425975,0.503887076,0.303130133
234,0.30365492,0.496660167,0.629314657
235,0.323962101,0.905980924,1.292149227
