Cell ID,x,y,z
0,0.632023529,0.543617703,0
1,0.965214975,0.543979651,0
2,0.974354071,0.863418141,0
3,0.942089662,0.803469057,0
4,0.936498932,0.819011685,0
5,0.94355466,0.974646808,0
6,0.927601529,0.761541873,0
7,0.941666342,0.608305024,0
8,0.606682106,0.755407563,0
9,0.978849814,0.603441366,0
10,0.765530142,0.823290377,0
11,0.981541769,0.980790641,0
12,0.980581914,0.606509556,0
13,0.55346596,0.901877528,0
14,0.544932857,0.805220446,0
15,0.543617703,0.733538482,0
16,0.937493943,0.967569599,0
17,0.950575696,0.742303765,0
18,0.548958934,0.837450417,0
19,0.549631356,0.977769705,0
20,0.564058732,0.581095968,0
21,0.945884379,0.938666884,0
22,0.809524424,0.880865051,0
23,0.824912384,0.790300991,0
24,0.561815805,0.95472728,0
25,0.555340561,0.546987077,0
26,0.759186809,0.921771287,0
27,0.959538529,0.939130537,0
28,0.633502898,0.548154804,0
29,0.96592008,0.94990115,0
30,0.959262375,0.922156356,0
31,0.638976429,0.544454488,0
32,0.925898267,0.928826804,0
33,0.573092269,0.905391976,0
34,0.626883953,0.623586979,0
35,0.960725528,0.976468008,0
36,0.78014419,0.809543543,0
37,0.976833062,0.725018277,0
38,0.981515766,0.980805158,0
39,0.595318793,0.808438641,0
40,0.949426175,0.614060827,0
41,0.798184245,0.956131318,0
42,0.948979086,0.879123809,0
43,0.9505372,0.555864904,0
44,0.981213403,0.905176784,0
45,0.603480668,0.970386556,0
46,0.771926585,0.748215925,0
47,0.935821018,0.590271927,0
48,0.76792774,0.89424296,0
49,0.970180179,0.976844459,0
50,0.684503121,0.71939363,0
51,0.593043085,0.599638005,0
52,0.969076483,0.925206519,0
53,0.976013089,0.973181364,0
54,0.564402496,0.682215987,0
55,0.652344828,0.682354323,0
56,0.706995591,0.970788866,0
57,0.548984091,0.933244583,0
58,0.885470705,0.591592295,0
59,0.612865647,0.738396885,0
60,0.822702093,0.979832875,0
61,0.904741989,0.865644679,0
62,0.9815108,0.551992772,0
63,0.869688319,0.793833467,0
64,0.887609491,0.97142754,0
65,0.978584446,0.925382813,0
66,0.981559555,0.62953631,0
67,0.946941597,0.731561522,0
68,0.696491506,0.975647707,0
69,0.593497838,0.930398675,0
70,0.976520014,0.568510747,0
71,0.968824312,0.848375951,0
72,0.966838061,0.981007111,0
73,0.958444848,0.980638241,0
74,0.914080272,0.874555096,0
75,0.979506263,0.544242909,0
76,0.889693004,0.848924734,0
77,0.981397495,0.980559458,0
78,0.882950363,0.888393225,0
79,0.589140419,0.575054566,0
80,0.952040767,0.706290858,0
81,0.978304174,0.940245348,0
82,0.979964175,0.971385032,0
83,0.964823105,0.770653413,0
84,0.962168599,0.558163404,0
85,0.75459498,0.914487735,0
86,0.976150086,0.977138456,0
87,0.700515055,0.817926899,0
88,0.604173189,0.556013661,0
89,0.918919145,0.749286866,0
90,0.603755398,0.965561848,0
91,0.938580456,0.94057909,0
92,0.641171386,0.696288609,0
93,0.98091249,0.550156226,0
94,0.969826829,0.84867742,0
95,0.758714207,0.969683603,0
96,0.546072937,0.970601353,0
97,0.979121419,0.830797495,0
98,0.960230296,0.569708803,0
99,0.981513547,0.64930347,0
100,0.74764563,0.881540869,0
101,0.628969656,0.979233287,0
102,0.970360517,0.965262712,0
103,0.657761276,0.863311238,0
104,0.543672991,0.596008834,0
105,0.941082051,0.549530246,0
106,0.842691879,0.718154977,0
107,0.717319228,0.915452258,0
108,0.6438656,0.979132065,0
109,0.551020637,0.940284276,0
110,0.927156816,0.78551414,0
111,0.96364183,0.576130899,0
112,0.6787427,0.634211227,0
113,0.846284738,0.830987392,0
114,0.977627892,0.965370715,0
115,0.941355951,0.978731781,0
116,0.930698607,0.903919459,0
117,0.574935677,0.711949421,0
118,0.688694556,0.545794467,0
119,0.854621683,0.633695007,0
120,0.865780201,0.85707991,0
121,0.959509738,0.972791591,0
122,0.979152755,0.9710811,0
123,0.638865354,0.86011333,0
124,0.847597814,0.68500519,0
125,0.858241281,0.543632534,0
126,0.926489993,0.712653443,0
127,0.61522209,0.906958784,0
128,0.969442779,0.978793135,0
129,0.884819275,0.966713304,0
130,0.782415654,0.827207214,0
131,0.869037289,0.627212418,0
132,0.950390546,0.579344314,0
133,0.585125041,0.764122927,0
134,0.922067743,0.922929096,0
135,0.967492297,0.978980281,0
136,0.769672531,0.962382076,0
137,0.980292252,0.849623155,0
138,0.97270277,0.694417775,0
139,0.780887851,0.552531674,0
140,0.968172048,0.591932124,0
141,0.545277964,0.77723954,0
142,0.899060437,0.92640826,0
143,0.544042758,0.979503022,0
144,0.88896912,0.964581213,0
145,0.914216056,0.981151752,0
146,0.94280251,0.949057442,0
147,0.795224611,0.819255688,0
148,0.921209322,0.659337795,0
149,0.961635406,0.54455466,0
150,0.976140786,0.656180126,0
151,0.558484957,0.847603066,0
152,0.721718239,0.946290475,0
153,0.566389129,0.981316368,0
154,0.583337014,0.974568994,0
155,0.860294377,0.921359922,0
156,0.574317521,0.770761045,0
157,0.548480001,0.578876326,0
158,0.977728905,0.566225639,0
159,0.796232623,0.730278888,0
160,0.919553765,0.928317023,0
161,0.70403216,0.979642664,0
162,0.750855999,0.972048879,0
163,0.905700022,0.876033352,0
164,0.833670133,0.718069862,0
165,0.914925128,0.555374822,0
166,0.749200724,0.618758151,0
167,0.971757445,0.834459549,0
168,0.872506599,0.963772937,0
169,0.970607663,0.976640566,0
170,0.545218436,0.892723704,0
171,0.906350006,0.738083719,0
172,0.565481204,0.557976988,0
173,0.687972794,0.566549685,0
174,0.881713296,0.698418311,0
175,0.977259808,0.871780106,0
176,0.858988957,0.962500807,0
177,0.773699751,0.981220845,0
179,0.787841293,0.854565372,0
180,0.968694718,0.698387104,0
181,0.729291613,0.545848877,0
182,0.974520204,0.670938895,0
183,0.955704281,0.872076396,0
184,0.98044233,0.965411902,0
185,0.967036829,0.981363624,0
186,0.891438869,0.953378665,0
187,0.980820831,0.855163074,0
188,0.873413312,0.665399219,0
189,0.591119408,0.549055185,0
190,0.55714122,0.613129016,0
191,0.697906477,0.839752907,0
192,0.675749731,0.933782902,0
193,0.885787562,0.975382798,0
194,0.62974312,0.972241182,0
195,0.755468569,0.883431583,0
196,0.879517459,0.743083599,0
197,0.869040239,0.566592162,0
198,0.868719824,0.601897018,0
199,0.75816489,0.813837066,0
200,0.936789173,0.941828752,0
201,0.599619304,0.981457756,0
202,0.547280305,0.962587305,0
203,0.826741294,0.815832902,0
204,0.914984948,0.612940432,0
205,0.900116472,0.593727262,0
206,0.668518068,0.838628989,0
207,0.554280081,0.974451746,0
208,0.751792412,0.977461185,0
209,0.624479395,0.933981038,0
210,0.669421359,0.784016837,0
211,0.954981964,0.612830795,0
212,0.810770818,0.54489545,0
213,0.552265083,0.703504439,0
214,0.962065051,0.886838472,0
215,0.850661417,0.962859481,0
216,0.980191091,0.979799914,0
217,0.892271296,0.918477908,0
218,0.575348125,0.688942623,0
219,0.966411356,0.544533041,0
220,0.978741486,0.691856091,0
221,0.9013701,0.936502291,0
222,0.552373802,0.981545912,0
223,0.665296812,0.949761419,0
224,0.981248588,0.812553562,0
225,0.835061631,0.587503731,0
226,0.981414387,0.728465235,0
227,0.760605678,0.547105477,0
228,0.63946995,0.718865918,0
229,0.862802877,0.913736205,0
230,0.927111641,0.977609455,0
231,0.957286653,0.87400185,0
232,0.893513684,0.692807272,0
233,0.694861956,0.546359848,0
234,0.690283921,0.767196744,0
235,0.887147496,0.980524574,0
